119,5
119,4
119,3
119,2
119,1
119,0
118,4
118,3
118,2
118,1
118,0
117,4
117,3
117,2
117,1
117,0
116,4
116,3
116,2
116,1
116,0
0,398
115,4
115,3
115,2
115,1
115,0
114,3
114,2
114,1
114,0
0,397
113,4
113,3
113,2
113,1
113,0
112,4
112,3
112,2
112,1
112,0
111,4
111,3
111,2
111,1
111,0
110,4
110,3
110,2
110,1
110,0
109,4
109,3
109,2
109,1
109,0
108,4
108,3
108,2
108,1
108,0
107,7
107,6
107,5
107,4
107,3
107,2
107,1
107,0
106,4
106,3
106,2
106,1
106,0
105,6
105,5
105,4
105,3
105,2
105,1
105,0
104,5
104,4
104,3
104,2
104,1
104,0
0,396
0,395
0,394
0,393
0,392
0,391
103,5
103,4
103,3
103,2
103,1
103,0
102,3
102,2
102,1
102,0
0,390
0,389
0,388
0,387
0,386
101,3
101,2
101,1
101,0
0,385
100,4
100,3
100,2
100,1
100,0
99,4
99,3
99,2
99,1
99,0
0,384
98,3
98,2
98,1
98,0
0,575
0,574
97,5
0,573
0,572
0,571
0,570
0,569
97,4
97,3
97,2
97,1
97,0
0,568
0,567
96,3
96,2
96,1
96,0
0,566
0,565
95,3
95,2
95,1
95,0
0,564
0,563
0,562
0,561
0,560
94,3
94,2
94,1
94,0
93,5
0,559
93,4
93,3
93,2
93,1
93,0
92,3
92,2
92,1
92,0
91,3
91,2
91,1
91,0
90,3
